
Table 1: Descriptive Statistics for Miami Houses
==================================================================
Statistic              N     Mean    St. Dev.    Min       Max    
------------------------------------------------------------------
AdjustedSqFt         3,503  2,082.2   1,426.0    331     18,006   
LotSize              3,503  7,657.8   4,401.4  1,250.0  80,664.0  
Bed                  3,503    3.0       1.1       0        13     
Bath                 3,503    2.1       1.3       0        12     
Stories              3,503    1.2       0.4       0         4     
commercialProperties 3,503   15.6      26.1       0        203    
age                  3,503   69.2      22.5       1        115    
distWater            3,503    1.1       1.3     0.000      5.4    
foodEstablishments   3,503    3.7       8.4       0        119    
cultureSpots         3,503   0.01       0.1       0         1     
busStops             3,503    2.0       2.2       0        11     
parkArea             3,503 310,403.1 655,411.8   0.0   4,625,338.0
timeToWork           3,503  2,347.2   1,200.6    476      5,962   
monthhousingcost     3,503  1,888.9    807.6     390      5,078   
pctVacant            3,503    0.2       0.1      0.0       0.5    
------------------------------------------------------------------
